0003
0011
0019
0031
0036
0038
0046
0049
0057
0058
0059
0061
0065
0073
0075
0078
0081
0083
0094
0108
0113
0115
0121
0122
0125
0128
0130
0131
0132
0133
0136
0138
0144
0149
0151
0152
0154
0155
0156
0159
0160
0161
0162
0167
0168
0169
0182
0184
0186
0188
0190
0196
0198
0200
0211
0216
0218
0219
0220
0223
0224
0225
0226
0227
0229
0231
0232
0233
0234
0235
0236
0237
0238
0239
0444
0487
0488
1000
1451
1457
1459
1460
1463
1465
1467
1470
1472
1473
1474
1475
1479
1480
1481
1482
1485
1487
1488
1490
1491
1492
1493
1494
1496
1499
1500
1501
1502
1504
1505
1508
1509
1510
1513
1522
1523
1524
1525
1528
1530
1531
1532
1535
1536
1538
1544
1545
1546
1549
2000
2013
2038
2045
2048
2056
2080
2085
2086
2095
2096
2100
2103
2104
2105
2108
2401
2414
2415
2416
2420
2421
2422
2424
2426
2427
2428
2429
2430
2431
2432
2433
3001
3005
3007
3008
3009
3016
3017
3018
3020
3023
3025
3029
3035
3045
3058
3059
3060
3063
3067
3070
3076
3080
3081
3085
3089
3095
3096
3098
3102
3104
3105
3110
3111
3112
3113
3115
3116
3117
3118
3119
3121
3123
3127
3130
3134
3135
3138
3140
3144
3146
3150
3152
3157
3159
3160
3162
3165
3166
3174
3179
3183
3186
3187
3190
3191
9000
